853698
6
366756
575810
901938
54281
611
561402
773763
36806
829430
565048
114845
904109
967043
861751
78285
864165
522274
25754
915101
202757
241789
192590
133359
754855
950305
689289
107021
351318
320494
846231
181484
919654
489264
661249
833979
171734
374353
499115
37789
29532
745762
75453
881054
564611
995237
174035
846467
547923
654971
386638
97258
416286
379481
596928
383919
906367
932004
675635
3695
274514
357139
735220
457984
249059
617978
886744
853341
498724
200297
262960
922856
393632
47026
761187
981425
315980
814105
24354
606780
157787
435744
382783
7760
265486
127452
966518
546132
877933
205430
143123
443495
864559
758237
15216
607113
973603
143767
722974
27
749547
744627
704633
207870
408191
674215
979850
14016
993919
159665
287887
480277
193286
565717
257052
92682
254382
288835
872378
123333
7002
71914
897158
670026
258481
898227
328401
220933
328527
1007406
711382
831652
235117
260850
8943
348218
73683
219252
216636
40688
512664
747728
614615
686756
131021
734065
919656
329604
531436
307748
147832
1017198
17997
261880
946059
700440
190967
496906
225201
591078
179609
124947
743773
884071
423775
997689
715935
283287
655838
946449
318028
445
90141
699274
374968
891656
196048
70
337725
997112
4333
395544
31057
577685
717740
380587
741731
778540
223749
784236
266677
716981
567633
512524
17083
792706
376881
807279
106337
572446
94793
175633
532942
646086
109742
775957
879968
129909
337316
3109
969535
121053
926788
437900
1018089
17092
435250
600621
77145
604603
367669
974263
390161
36130
364066
261085
526537
863877
155727
821568
242040
728909
9952
317960
72464
756020
1021109
383294
75211